0.0367862 0.56194
0.273709 0.106778
0.279294 0.0435369
0.544771 0.72205
0.486797 0.749935
0.403543 0.540757
0.365202 0.908826
0.672181 0.23425
0.702832 0.701833
0.408779 0.258663
0.198204 0.282496
0.893387 0.579751
0.717485 0.913226
0.9393 0.939556
0.940567 0.81326
0.896268 0.323101
0.322016 0.104418
0.890767 0.174074
0.299777 0.709928
0.00112211 0.0694571
0.0777068 0.278557
0.702145 0.717021
0.122985 0.338612
0.600698 0.479663
0.564451 0.610882
0.932326 0.0261308
0.93917 0.176587
0.0806935 0.973904
0.133435 0.727511
0.0875156 0.907456
0.931455 0.526669
0.190122 0.553551
0.697522 0.626764
0.00744075 0.35268
0.789155 0.298947
0.473656 0.769904
0.853094 0.73301
0.45919 0.444495
0.345499 0.606567
0.660412 0.0479371
0.251176 0.991372
0.715004 0.320843
0.779066 0.951473
0.225824 0.0702674
0.114172 0.359241
0.54355 0.206363
0.800721 0.146058
0.180594 0.04679
0.226753 0.258901
0.255021 0.674384
0.965609 0.946142
0.759062 0.210309
0.942788 0.547794
0.227984 0.913795
0.0576446 0.02734
0.655936 0.535687
0.926587 0.982561
0.825207 0.32116
0.0031746 0.262449
0.360286 0.152056
0.297298 0.736457
0.917896 0.37972
0.526188 0.513275
0.545027 0.160991
0.135657 0.062154
0.306227 0.857571
0.391301 0.667138
0.378528 0.615407
0.0275353 0.183739
0.0568824 0.169749
0.224591 0.598815
0.109271 0.274874
0.243216 0.0181547
0.959155 0.468712
0.82806 0.515831
0.813398 0.444972
0.316226 0.00991779
0.83666 0.151617
0.737887 0.404862
0.571325 0.113342
0.896059 0.602954
0.417818 0.696346
0.639865 0.332186
0.300801 0.498973
0.767003 0.0916029
0.723825 0.40944
0.398247 0.0828998
0.773702 0.597764
0.347133 0.0202495
0.986181 0.917118
0.865999 0.604959
0.647069 0.701904
0.257846 0.627856
0.196071 0.839461
0.4347 0.766797
0.0633153 0.138083
0.146217 0.876228
0.867445 0.242592
0.659919 0.92788
0.78996 0.0525287
