HJoceanTransposed.png (432-by-768 image)

The table gives the dual-gradient energies of each pixel.
The asterisks denote a minimum energy vertical or horizontal seam.

 202.28 
  71.54 
  63.72 
  55.17 
  51.95 
  51.79 
  54.84 
  48.87 
  46.77 
  53.27 
  50.18 
  44.89 
  47.16 
  43.67 
  46.36 
  53.28 
  55.23 
  55.25 
  56.12 
  55.22 
  52.36 
  54.23 
  52.80 
  57.33 
  60.33 
  69.51 
  76.22 
  86.19 
  88.52 
  88.95 
  81.26 
  81.10 
  78.50 
  77.09 
  74.38 
  73.01 
  73.42 
  69.35 
  63.87 
  56.68 
  51.90 
  50.17 
  46.59 
  46.18 
  47.12 
  48.93 
  46.70 
  42.33 
  43.26 
  42.97 
  38.61 
  33.12 
  28.12 
  21.86 
  20.78*
  22.43 
  25.57 
  37.46 
  74.23 
 144.46 
 175.89 
 152.65 
 140.04 
 141.99 
 152.46 
 137.09 
 136.63 
 146.13 
 153.08 
 150.75 
 157.53 
 151.14 
 148.38 
 158.85 
 163.97 
 169.58 
 165.19 
 166.13 
 170.84 
 169.96 
 151.88 
 144.86 
 142.01 
 173.27 
 188.72 
 184.33 
 171.96 
 156.39 
 153.11 
 153.23 
 167.26 
 180.72 
 185.55 
 188.15 
 174.26 
 168.85 
 165.58 
 166.11 
 169.04 
 178.08 
 188.58 
 189.17 
 207.61 
 209.83 
 205.23 
 202.29 
 194.58 
 194.67 
 198.79 
 199.86 
 197.49 
 202.34 
 200.32 
 195.30 
 186.30 
 180.06 
 178.09 
 174.16 
 170.82 
 174.18 
 179.58 
 160.02 
 138.66 
 130.43 
 122.97 
 116.61 
  81.62 
  26.10 
  26.61 
  50.76 
  47.56 
  30.50 
  26.93 
  43.02 
  42.98 
  37.93 
  45.00 
  62.99 
  54.63 
  67.23 
  63.43 
  52.52 
  62.14 
  55.67 
  27.51 
   9.33 
  15.46 
  24.84 
  26.23 
  21.05 
  24.47 
  20.74 
  21.54 
  24.06 
  23.30 
  25.02 
  26.68 
  22.41 
  16.82 
  16.70 
  13.23 
   5.83 
  14.53 
  17.58 
  15.56 
  15.07 
   8.89 
  21.52 
  29.98 
  29.85 
  24.66 
  14.46 
  19.97 
  29.29 
  31.61 
  28.00 
  20.86 
  25.98 
  24.06 
  24.70 
  15.52 
  15.00 
  21.10 
  13.49 
   9.95 
  15.52 
  19.36 
  25.30 
  31.48 
  33.63 
  39.37 
  37.28 
  32.39 
  34.84 
  35.50 
  35.37 
  36.92 
  38.87 
  43.34 
  45.30 
  46.71 
  41.28 
  33.62 
  34.04 
  41.52 
  49.93 
  53.05 
  38.95 
  49.70 
  43.89 
  35.14 
  33.35 
  30.36 
  30.08 
  34.37 
  32.97 
  37.79 
  40.31 
  36.57 
  35.47 
  27.09 
  28.51 
  37.80 
  36.84 
  41.51 
  40.37 
  34.57 
  40.50 
  38.05 
  31.78 
  35.94 
  37.97 
  31.06 
  25.38 
  24.84 
  24.10 
  29.68 
  24.41 
  27.59 
  36.17 
  27.87 
  29.21 
  30.03 
  23.41 
  36.84 
  36.73 
  32.03 
  36.50 
  38.39 
  41.21 
  39.28 
  38.11 
  37.00 
  32.62 
  32.42 
  31.05 
  27.44 
  24.90 
  31.54 
  31.29 
  35.92 
  34.58 
  32.73 
  35.45 
  30.43 
  28.23 
  33.05 
  34.45 
  29.98 
  34.25 
  30.03 
  32.02 
  29.07 
  22.29 
  23.07 
  29.26 
  26.72 
  27.80 
  21.31 
  19.77 
  22.80 
  23.81 
  21.79 
  22.96 
  23.75 
  20.86 
  19.00 
  19.49 
  20.17 
  21.42 
  23.00 
  23.09 
  24.10 
  31.92 
  33.62 
  31.50 
  27.13 
  28.71 
  27.35 
  23.35 
  21.14 
  19.18 
  19.29 
  19.13 
  23.85 
  25.22 
  24.74 
  21.21 
  17.83 
  20.74 
  23.98 
  24.84 
  23.56 
  20.15 
  19.57 
  19.95 
  28.07 
  31.70 
  35.40 
  31.46 
  25.85 
  19.62 
  17.97 
  21.86 
  26.08 
  30.79 
  42.64 
  48.51 
  50.01 
  48.70 
  40.46 
  38.68 
  34.53 
  28.30 
  26.65 
  28.67 
  25.46 
  20.78 
  18.92 
  19.87 
  26.04 
  33.72 
  34.26 
  33.79 
  32.80 
  31.43 
  28.77 
  23.94 
  18.68 
  15.65 
  16.76 
  16.85 
  24.43 
  35.74 
  39.70 
  38.30 
  31.69 
  24.06 
  17.83 
  17.03 
  14.90 
   9.75 
   6.86 
   8.49 
  15.72 
  24.90 
  33.30 
  39.28 
  42.60 
  38.18 
  36.11 
  38.55 
  37.24 
  32.08 
  30.97 
  31.64 
  31.11 
  29.65 
  27.46 
  23.92 
  17.52 
  15.00 
  15.20 
  16.34 
  16.73 
  15.84 
  14.66 
  19.29 
  27.46 
  34.19 
  32.31 
  27.62 
  23.81 
  17.55 
  14.42 
  16.88 
  17.64 
  12.88 
   9.90 
  14.18 
  18.76 
  16.58 
  16.55 
  12.49 
   7.42 
   6.32 
   6.16 
   6.00 
  13.64 
  16.67 
  15.84 
   8.66 
   8.12 
   9.17 
   7.07 
  12.21 
  19.36 
  19.47 
  16.67 
  16.37 
  17.20 
  13.00 
  14.49 
  12.29 
   9.06 
   7.35 
   9.95 
  11.79 
   8.94 
  11.58 
   8.43 
 192.28 
Total energy = 1217.777959


 202.28 
  71.54 
  63.72 
  55.17 
  51.95 
  51.79 
  54.84 
  48.87 
  46.77 
  53.27 
  50.18 
  44.89 
  47.16 
  43.67 
  46.36 
  53.28 
  55.23 
  55.25 
  56.12 
  55.22 
  52.36 
  54.23 
  52.80 
  57.33 
  60.33 
  69.51 
  76.22 
  86.19 
  88.52 
  88.95 
  81.26 
  81.10 
  78.50 
  77.09 
  74.38 
  73.01 
  73.42 
  69.35 
  63.87 
  56.68 
  51.90 
  50.17 
  46.59 
  46.18 
  47.12 
  48.93 
  46.70 
  42.33 
  43.26 
  42.97 
  38.61 
  33.12 
  28.12 
  21.86 
  20.78 
  22.43 
  25.57 
  37.46 
  74.23 
 144.46 
 175.89 
 152.65 
 140.04 
 141.99 
 152.46 
 137.09 
 136.63 
 146.13 
 153.08 
 150.75 
 157.53 
 151.14 
 148.38 
 158.85 
 163.97 
 169.58 
 165.19 
 166.13 
 170.84 
 169.96 
 151.88 
 144.86 
 142.01 
 173.27 
 188.72 
 184.33 
 171.96 
 156.39 
 153.11 
 153.23 
 167.26 
 180.72 
 185.55 
 188.15 
 174.26 
 168.85 
 165.58 
 166.11 
 169.04 
 178.08 
 188.58 
 189.17 
 207.61 
 209.83 
 205.23 
 202.29 
 194.58 
 194.67 
 198.79 
 199.86 
 197.49 
 202.34 
 200.32 
 195.30 
 186.30 
 180.06 
 178.09 
 174.16 
 170.82 
 174.18 
 179.58 
 160.02 
 138.66 
 130.43 
 122.97 
 116.61 
  81.62 
  26.10 
  26.61 
  50.76 
  47.56 
  30.50 
  26.93 
  43.02 
  42.98 
  37.93 
  45.00 
  62.99 
  54.63 
  67.23 
  63.43 
  52.52 
  62.14 
  55.67 
  27.51 
   9.33 
  15.46 
  24.84 
  26.23 
  21.05 
  24.47 
  20.74 
  21.54 
  24.06 
  23.30 
  25.02 
  26.68 
  22.41 
  16.82 
  16.70 
  13.23 
   5.83 
  14.53 
  17.58 
  15.56 
  15.07 
   8.89 
  21.52 
  29.98 
  29.85 
  24.66 
  14.46 
  19.97 
  29.29 
  31.61 
  28.00 
  20.86 
  25.98 
  24.06 
  24.70 
  15.52 
  15.00 
  21.10 
  13.49 
   9.95 
  15.52 
  19.36 
  25.30 
  31.48 
  33.63 
  39.37 
  37.28 
  32.39 
  34.84 
  35.50 
  35.37 
  36.92 
  38.87 
  43.34 
  45.30 
  46.71 
  41.28 
  33.62 
  34.04 
  41.52 
  49.93 
  53.05 
  38.95 
  49.70 
  43.89 
  35.14 
  33.35 
  30.36 
  30.08 
  34.37 
  32.97 
  37.79 
  40.31 
  36.57 
  35.47 
  27.09 
  28.51 
  37.80 
  36.84 
  41.51 
  40.37 
  34.57 
  40.50 
  38.05 
  31.78 
  35.94 
  37.97 
  31.06 
  25.38 
  24.84 
  24.10 
  29.68 
  24.41 
  27.59 
  36.17 
  27.87 
  29.21 
  30.03 
  23.41 
  36.84 
  36.73 
  32.03 
  36.50 
  38.39 
  41.21 
  39.28 
  38.11 
  37.00 
  32.62 
  32.42 
  31.05 
  27.44 
  24.90 
  31.54 
  31.29 
  35.92 
  34.58 
  32.73 
  35.45 
  30.43 
  28.23 
  33.05 
  34.45 
  29.98 
  34.25 
  30.03 
  32.02 
  29.07 
  22.29 
  23.07 
  29.26 
  26.72 
  27.80 
  21.31 
  19.77 
  22.80 
  23.81 
  21.79 
  22.96 
  23.75 
  20.86 
  19.00 
  19.49 
  20.17 
  21.42 
  23.00 
  23.09 
  24.10 
  31.92 
  33.62 
  31.50 
  27.13 
  28.71 
  27.35 
  23.35 
  21.14 
  19.18 
  19.29 
  19.13 
  23.85 
  25.22 
  24.74 
  21.21 
  17.83 
  20.74 
  23.98 
  24.84 
  23.56 
  20.15 
  19.57 
  19.95 
  28.07 
  31.70 
  35.40 
  31.46 
  25.85 
  19.62 
  17.97 
  21.86 
  26.08 
  30.79 
  42.64 
  48.51 
  50.01 
  48.70 
  40.46 
  38.68 
  34.53 
  28.30 
  26.65 
  28.67 
  25.46 
  20.78 
  18.92 
  19.87 
  26.04 
  33.72 
  34.26 
  33.79 
  32.80 
  31.43 
  28.77 
  23.94 
  18.68 
  15.65 
  16.76 
  16.85 
  24.43 
  35.74 
  39.70 
  38.30 
  31.69 
  24.06 
  17.83 
  17.03 
  14.90 
   9.75 
   6.86 
   8.49 
  15.72 
  24.90 
  33.30 
  39.28 
  42.60 
  38.18 
  36.11 
  38.55 
  37.24 
  32.08 
  30.97 
  31.64 
  31.11 
  29.65 
  27.46 
  23.92 
  17.52 
  15.00 
  15.20 
  16.34 
  16.73 
  15.84 
  14.66 
  19.29 
  27.46 
  34.19 
  32.31 
  27.62 
  23.81 
  17.55 
  14.42 
  16.88 
  17.64 
  12.88 
   9.90 
  14.18 
  18.76 
  16.58 
  16.55 
  12.49 
   7.42 
   6.32 
   6.16 
   6.00 
  13.64 
  16.67 
  15.84 
   8.66 
   8.12 
   9.17 
   7.07 
  12.21 
  19.36 
  19.47 
  16.67 
  16.37 
  17.20 
  13.00 
  14.49 
  12.29 
   9.06 
   7.35 
   9.95 
  11.79 
   8.94 
  11.58 
   8.43 
 192.28 
Total energy = 2012.617471


