HJocean.png (768-by-432 image)

The table gives the dual-gradient energies of each pixel.
The asterisks denote a minimum energy vertical or horizontal seam.

 189.93 
  64.60 
  57.72 
  50.83 
  47.82 
  47.64 
  50.43 
  44.78 
  43.52 
  49.02 
  46.02 
  40.60 
  43.01 
  40.50 
  42.87 
  48.36 
  50.61 
  50.61 
  50.35 
  49.32 
  46.67 
  48.33 
  48.30 
  51.49 
  53.56 
  60.84 
  67.45 
  74.92 
  77.58 
  77.94 
  71.73 
  71.53 
  69.09 
  67.70 
  64.96 
  64.92 
  63.88 
  60.98 
  56.22 
  49.59 
  46.35 
  44.81 
  41.15 
  40.76 
  41.46 
  43.15 
  42.10 
  38.16 
  39.10 
  38.63 
  34.76 
  30.45 
  25.36 
  19.16 
  18.00 
  19.03 
  22.20 
  32.45 
  65.86 
 133.22 
 164.49 
 140.79 
 129.47 
 131.08 
 142.32 
 127.35 
 127.77 
 136.98 
 144.30 
 140.68 
 147.46 
 141.06 
 138.26 
 148.77 
 153.96 
 159.62 
 154.04 
 155.02 
 161.67 
 160.17 
 141.43 
 134.72 
 130.76 
 162.91 
 178.85 
 173.12 
 160.30 
 145.03 
 141.40 
 141.07 
 156.11 
 169.70 
 174.29 
 176.92 
 162.23 
 157.58 
 153.57 
 155.55 
 157.62 
 167.79 
 180.00 
 181.95 
 201.35 
 203.06 
 198.93 
 198.28 
 191.08 
 192.52 
 196.53 
 198.03 
 196.93 
 200.02 
 197.93 
 191.71 
 182.07 
 175.43 
 174.19 
 170.28 
 166.11 
 170.75 
 176.75 
 155.38 
 132.09 
 123.61 
 116.52 
 111.40 
  79.00 
  27.15 
  27.44 
  53.49 
  50.46 
  32.36 
  29.05 
  45.12 
  45.10 
  39.53 
  46.88 
  63.77 
  55.76 
  67.25 
  64.33 
  54.62 
  61.70 
  57.36 
  29.44 
  10.34 
  17.38 
  27.20 
  28.69 
  23.58 
  26.66 
  22.65 
  23.64 
  26.44 
  25.71 
  27.31 
  28.95 
  24.64 
  18.57 
  18.38 
  15.07 
   7.00 
  15.62 
  19.60 
  17.38 
  16.70 
  10.10 
  24.02 
  33.33 
  32.98 
  26.70 
  16.03 
  21.75 
  31.87 
  35.65 
  31.37 
  23.85 
  28.58 
  26.46 
  27.71 
  17.64 
  16.52 
  23.22 
  14.93 
  10.86 
  16.58 
  21.54 
  27.53 
  33.53 
  35.67 
  41.27 
  39.36 
  34.01 
  36.41 
  37.09 
  36.97 
  38.51 
  40.44 
  44.98 
  47.36 
  48.23 
  42.59 
  34.53 
  34.84 
  42.45 
  51.30 
  55.04 
  40.26 
  51.08 
  44.62 
  36.58 
  34.70 
  31.22 
  30.95 
  35.21 
  33.82 
  38.64 
  41.63 
  37.44 
  36.29 
  28.39 
  29.78 
  38.65 
  38.04 
  42.33 
  40.37 
  34.57 
  40.50 
  38.05 
  31.78 
  35.94 
  37.97 
  31.06 
  25.38 
  24.84 
  24.10 
  29.68 
  24.41 
  27.59 
  36.17 
  27.87 
  29.21 
  30.03 
  23.41 
  36.84 
  36.73 
  32.03 
  36.50 
  39.26 
  41.21 
  39.28 
  38.11 
  37.00 
  32.62 
  32.42 
  31.05 
  27.44 
  24.90 
  31.54 
  31.14 
  35.30 
  33.97 
  32.25 
  34.89 
  30.43 
  28.23 
  32.57 
  33.97 
  29.53 
  33.66 
  29.88 
  32.02 
  29.07 
  22.29 
  23.07 
  29.26 
  26.72 
  27.80 
  21.31 
  19.77 
  22.80 
  23.81 
  21.79 
  22.96 
  23.75 
  20.86 
  19.00 
  19.49 
  20.15 
  21.42 
  23.00 
  23.09 
  24.10 
  31.92 
  33.62 
  31.50 
  27.13 
  28.71 
  27.35 
  23.35 
  21.35 
  19.18 
  19.31 
  19.18 
  23.96 
  25.32 
  25.00 
  21.21 
  17.58 
  20.42 
  24.25 
  24.56 
  23.45 
  19.90 
  19.29 
  19.62 
  27.59 
  31.70 
  35.40 
  30.94 
  25.85 
  19.62 
  17.49 
  21.86 
  26.08 
  30.79 
  42.64 
  49.23 
  50.73 
  48.70 
  40.46 
  38.68 
  33.96 
  27.75 
  26.10 
  28.09 
  24.92 
  20.32 
  18.47 
  19.39 
  25.48 
  33.17 
  34.26 
  33.79 
  32.23 
  30.87 
  28.23 
  23.41 
  18.22 
  15.36 
  16.43 
  16.46 
  23.92 
  35.74 
  39.70 
  38.30 
  31.69 
  24.06 
  17.83 
  17.03 
  14.90 
   9.75 
   6.86 
   8.49 
  15.72 
  24.90 
  33.30 
  39.28 
  43.83 
  38.18 
  36.11 
  38.46 
  37.15 
  32.08 
  30.89 
  31.61 
  32.82 
  31.32 
  28.67 
  24.06 
  17.66 
  15.00 
  15.20 
  16.34 
  16.73 
  15.84 
  14.66 
  19.29 
  28.39 
  35.86 
  33.99 
  29.29 
  24.68 
  17.55 
  14.42 
  16.88 
  18.06 
  14.04 
  11.18 
  15.46 
  20.00 
  17.86 
  17.66 
  13.64 
   8.37 
   7.21 
   6.93 
   6.86 
  14.70 
  17.83 
  17.12 
   9.85 
   8.89 
  10.05 
   7.68 
  13.53 
  20.66 
  20.81 
  18.00 
  17.61 
  18.63 
  14.25 
  15.91 
  13.53 
   9.90 
   7.42 
  11.40 
  13.27 
  10.49 
  12.85 
   9.64 
 181.35 
Total energy = 2014.519546


 189.93 
  64.60 
  57.72 
  50.83 
  47.82 
  47.64 
  50.43 
  44.78 
  43.52 
  49.02 
  46.02 
  40.60 
  43.01 
  40.50 
  42.87 
  48.36 
  50.61 
  50.61 
  50.35 
  49.32 
  46.67 
  48.33 
  48.30 
  51.49 
  53.56 
  60.84 
  67.45 
  74.92 
  77.58 
  77.94 
  71.73 
  71.53 
  69.09 
  67.70 
  64.96 
  64.92 
  63.88 
  60.98 
  56.22 
  49.59 
  46.35 
  44.81 
  41.15 
  40.76 
  41.46 
  43.15 
  42.10 
  38.16 
  39.10 
  38.63 
  34.76 
  30.45 
  25.36 
  19.16 
  18.00*
  19.03 
  22.20 
  32.45 
  65.86 
 133.22 
 164.49 
 140.79 
 129.47 
 131.08 
 142.32 
 127.35 
 127.77 
 136.98 
 144.30 
 140.68 
 147.46 
 141.06 
 138.26 
 148.77 
 153.96 
 159.62 
 154.04 
 155.02 
 161.67 
 160.17 
 141.43 
 134.72 
 130.76 
 162.91 
 178.85 
 173.12 
 160.30 
 145.03 
 141.40 
 141.07 
 156.11 
 169.70 
 174.29 
 176.92 
 162.23 
 157.58 
 153.57 
 155.55 
 157.62 
 167.79 
 180.00 
 181.95 
 201.35 
 203.06 
 198.93 
 198.28 
 191.08 
 192.52 
 196.53 
 198.03 
 196.93 
 200.02 
 197.93 
 191.71 
 182.07 
 175.43 
 174.19 
 170.28 
 166.11 
 170.75 
 176.75 
 155.38 
 132.09 
 123.61 
 116.52 
 111.40 
  79.00 
  27.15 
  27.44 
  53.49 
  50.46 
  32.36 
  29.05 
  45.12 
  45.10 
  39.53 
  46.88 
  63.77 
  55.76 
  67.25 
  64.33 
  54.62 
  61.70 
  57.36 
  29.44 
  10.34 
  17.38 
  27.20 
  28.69 
  23.58 
  26.66 
  22.65 
  23.64 
  26.44 
  25.71 
  27.31 
  28.95 
  24.64 
  18.57 
  18.38 
  15.07 
   7.00 
  15.62 
  19.60 
  17.38 
  16.70 
  10.10 
  24.02 
  33.33 
  32.98 
  26.70 
  16.03 
  21.75 
  31.87 
  35.65 
  31.37 
  23.85 
  28.58 
  26.46 
  27.71 
  17.64 
  16.52 
  23.22 
  14.93 
  10.86 
  16.58 
  21.54 
  27.53 
  33.53 
  35.67 
  41.27 
  39.36 
  34.01 
  36.41 
  37.09 
  36.97 
  38.51 
  40.44 
  44.98 
  47.36 
  48.23 
  42.59 
  34.53 
  34.84 
  42.45 
  51.30 
  55.04 
  40.26 
  51.08 
  44.62 
  36.58 
  34.70 
  31.22 
  30.95 
  35.21 
  33.82 
  38.64 
  41.63 
  37.44 
  36.29 
  28.39 
  29.78 
  38.65 
  38.04 
  42.33 
  40.37 
  34.57 
  40.50 
  38.05 
  31.78 
  35.94 
  37.97 
  31.06 
  25.38 
  24.84 
  24.10 
  29.68 
  24.41 
  27.59 
  36.17 
  27.87 
  29.21 
  30.03 
  23.41 
  36.84 
  36.73 
  32.03 
  36.50 
  39.26 
  41.21 
  39.28 
  38.11 
  37.00 
  32.62 
  32.42 
  31.05 
  27.44 
  24.90 
  31.54 
  31.14 
  35.30 
  33.97 
  32.25 
  34.89 
  30.43 
  28.23 
  32.57 
  33.97 
  29.53 
  33.66 
  29.88 
  32.02 
  29.07 
  22.29 
  23.07 
  29.26 
  26.72 
  27.80 
  21.31 
  19.77 
  22.80 
  23.81 
  21.79 
  22.96 
  23.75 
  20.86 
  19.00 
  19.49 
  20.15 
  21.42 
  23.00 
  23.09 
  24.10 
  31.92 
  33.62 
  31.50 
  27.13 
  28.71 
  27.35 
  23.35 
  21.35 
  19.18 
  19.31 
  19.18 
  23.96 
  25.32 
  25.00 
  21.21 
  17.58 
  20.42 
  24.25 
  24.56 
  23.45 
  19.90 
  19.29 
  19.62 
  27.59 
  31.70 
  35.40 
  30.94 
  25.85 
  19.62 
  17.49 
  21.86 
  26.08 
  30.79 
  42.64 
  49.23 
  50.73 
  48.70 
  40.46 
  38.68 
  33.96 
  27.75 
  26.10 
  28.09 
  24.92 
  20.32 
  18.47 
  19.39 
  25.48 
  33.17 
  34.26 
  33.79 
  32.23 
  30.87 
  28.23 
  23.41 
  18.22 
  15.36 
  16.43 
  16.46 
  23.92 
  35.74 
  39.70 
  38.30 
  31.69 
  24.06 
  17.83 
  17.03 
  14.90 
   9.75 
   6.86 
   8.49 
  15.72 
  24.90 
  33.30 
  39.28 
  43.83 
  38.18 
  36.11 
  38.46 
  37.15 
  32.08 
  30.89 
  31.61 
  32.82 
  31.32 
  28.67 
  24.06 
  17.66 
  15.00 
  15.20 
  16.34 
  16.73 
  15.84 
  14.66 
  19.29 
  28.39 
  35.86 
  33.99 
  29.29 
  24.68 
  17.55 
  14.42 
  16.88 
  18.06 
  14.04 
  11.18 
  15.46 
  20.00 
  17.86 
  17.66 
  13.64 
   8.37 
   7.21 
   6.93 
   6.86 
  14.70 
  17.83 
  17.12 
   9.85 
   8.89 
  10.05 
   7.68 
  13.53 
  20.66 
  20.81 
  18.00 
  17.61 
  18.63 
  14.25 
  15.91 
  13.53 
   9.90 
   7.42 
  11.40 
  13.27 
  10.49 
  12.85 
   9.64 
 181.35 
Total energy = 1075.405102


